# Depth(nm)	Force(mN)
3.501e+00	8.179e-03
4.953e+00	3.283e-02
8.919e+00	5.922e-02
1.242e+01	8.448e-02
1.641e+01	1.097e-01
1.970e+01	1.355e-01
2.309e+01	1.606e-01
2.558e+01	1.864e-01
2.914e+01	2.120e-01
3.241e+01	2.369e-01
3.463e+01	2.620e-01
3.708e+01	2.871e-01
3.956e+01	3.118e-01
4.235e+01	3.367e-01
4.546e+01	3.620e-01
4.867e+01	3.870e-01
5.183e+01	4.119e-01
5.472e+01	4.375e-01
5.693e+01	4.621e-01
5.951e+01	4.874e-01
6.150e+01	5.124e-01
6.303e+01	5.379e-01
6.484e+01	5.628e-01
6.610e+01	5.879e-01
6.819e+01	6.132e-01
7.176e+01	6.382e-01
7.464e+01	6.630e-01
7.736e+01	6.879e-01
7.942e+01	7.128e-01
8.132e+01	7.378e-01
8.240e+01	7.633e-01
8.301e+01	7.884e-01
8.366e+01	8.132e-01
8.515e+01	8.378e-01
8.776e+01	8.632e-01
9.059e+01	8.879e-01
9.224e+01	9.131e-01
9.498e+01	9.379e-01
9.633e+01	9.628e-01
9.761e+01	9.878e-01
9.792e+01	1.013e+00
9.948e+01	1.039e+00
1.006e+02	1.064e+00
1.024e+02	1.089e+00
1.032e+02	1.115e+00
1.057e+02	1.139e+00
1.100e+02	1.164e+00
1.134e+02	1.189e+00
1.141e+02	1.214e+00
1.147e+02	1.239e+00
1.160e+02	1.265e+00
1.167e+02	1.289e+00
1.182e+02	1.314e+00
1.200e+02	1.340e+00
1.205e+02	1.364e+00
1.212e+02	1.389e+00
1.229e+02	1.415e+00
1.243e+02	1.440e+00
1.253e+02	1.464e+00
1.260e+02	1.490e+00
1.271e+02	1.515e+00
1.294e+02	1.540e+00
1.306e+02	1.565e+00
1.312e+02	1.591e+00
1.324e+02	1.616e+00
1.335e+02	1.641e+00
1.340e+02	1.666e+00
1.348e+02	1.692e+00
1.353e+02	1.717e+00
1.376e+02	1.742e+00
1.389e+02	1.767e+00
1.414e+02	1.792e+00
1.424e+02	1.817e+00
1.443e+02	1.842e+00
1.454e+02	1.867e+00
1.456e+02	1.892e+00
1.473e+02	1.917e+00
1.492e+02	1.942e+00
1.510e+02	1.967e+00
1.529e+02	1.992e+00
1.541e+02	2.017e+00
1.550e+02	2.042e+00
1.557e+02	2.067e+00
1.567e+02	2.092e+00
1.570e+02	2.117e+00
1.579e+02	2.142e+00
1.584e+02	2.167e+00
1.590e+02	2.192e+00
1.597e+02	2.217e+00
1.608e+02	2.242e+00
1.629e+02	2.267e+00
1.647e+02	2.292e+00
1.654e+02	2.317e+00
1.668e+02	2.343e+00
1.671e+02	2.368e+00
1.675e+02	2.393e+00
1.691e+02	2.418e+00
1.713e+02	2.443e+00
1.743e+02	2.468e+00
1.760e+02	2.493e+00
1.766e+02	2.519e+00
1.769e+02	2.543e+00
1.776e+02	2.569e+00
1.787e+02	2.594e+00
1.794e+02	2.619e+00
1.805e+02	2.644e+00
1.814e+02	2.670e+00
1.819e+02	2.695e+00
1.828e+02	2.720e+00
1.845e+02	2.745e+00
1.853e+02	2.770e+00
1.861e+02	2.795e+00
1.863e+02	2.820e+00
1.864e+02	2.845e+00
1.885e+02	2.870e+00
1.915e+02	2.895e+00
1.933e+02	2.920e+00
1.943e+02	2.944e+00
1.961e+02	2.969e+00
1.960e+02	2.994e+00
1.964e+02	3.019e+00
1.970e+02	3.044e+00
1.978e+02	3.069e+00
1.992e+02	3.095e+00
1.994e+02	3.120e+00
1.998e+02	3.145e+00
1.999e+02	3.170e+00
2.005e+02	3.195e+00
2.011e+02	3.220e+00
2.017e+02	3.245e+00
2.026e+02	3.270e+00
2.026e+02	3.295e+00
2.030e+02	3.320e+00
2.041e+02	3.345e+00
2.057e+02	3.370e+00
2.070e+02	3.396e+00
2.075e+02	3.421e+00
2.080e+02	3.446e+00
2.084e+02	3.471e+00
2.089e+02	3.496e+00
2.095e+02	3.522e+00
2.102e+02	3.547e+00
2.109e+02	3.572e+00
2.124e+02	3.597e+00
2.141e+02	3.622e+00
2.154e+02	3.647e+00
2.157e+02	3.672e+00
2.160e+02	3.697e+00
2.164e+02	3.722e+00
2.170e+02	3.747e+00
2.177e+02	3.772e+00
2.187e+02	3.797e+00
2.190e+02	3.822e+00
2.195e+02	3.847e+00
2.202e+02	3.872e+00
2.203e+02	3.898e+00
2.209e+02	3.923e+00
2.209e+02	3.948e+00
2.213e+02	3.973e+00
2.218e+02	3.998e+00
2.222e+02	4.022e+00
2.233e+02	4.047e+00
2.236e+02	4.073e+00
2.240e+02	4.098e+00
2.242e+02	4.124e+00
2.250e+02	4.150e+00
2.251e+02	4.175e+00
2.256e+02	4.201e+00
2.258e+02	4.226e+00
2.262e+02	4.252e+00
2.265e+02	4.277e+00
2.273e+02	4.302e+00
2.278e+02	4.327e+00
2.282e+02	4.352e+00
2.285e+02	4.377e+00
2.286e+02	4.403e+00
2.289e+02	4.428e+00
2.293e+02	4.453e+00
2.297e+02	4.478e+00
2.298e+02	4.503e+00
2.300e+02	4.529e+00
2.307e+02	4.554e+00
2.309e+02	4.579e+00
2.311e+02	4.605e+00
2.317e+02	4.630e+00
2.325e+02	4.655e+00
2.330e+02	4.681e+00
2.328e+02	4.706e+00
2.333e+02	4.731e+00
2.341e+02	4.757e+00
2.338e+02	4.782e+00
2.341e+02	4.807e+00
2.342e+02	4.832e+00
2.349e+02	4.857e+00
2.357e+02	4.882e+00
2.357e+02	4.907e+00
2.360e+02	4.933e+00
2.364e+02	4.958e+00
2.371e+02	4.983e+00
2.373e+02	5.000e+00
2.410e+02	5.000e+00
2.410e+02	4.950e+00
2.410e+02	4.901e+00
2.406e+02	4.851e+00
2.404e+02	4.802e+00
2.401e+02	4.753e+00
2.406e+02	4.704e+00
2.402e+02	4.654e+00
2.399e+02	4.606e+00
2.396e+02	4.557e+00
2.393e+02	4.509e+00
2.396e+02	4.460e+00
2.393e+02	4.411e+00
2.390e+02	4.362e+00
2.387e+02	4.313e+00
2.387e+02	4.263e+00
2.385e+02	4.214e+00
2.380e+02	4.165e+00
2.381e+02	4.116e+00
2.377e+02	4.067e+00
2.377e+02	4.018e+00
2.378e+02	3.970e+00
2.370e+02	3.921e+00
2.372e+02	3.873e+00
2.367e+02	3.823e+00
2.360e+02	3.774e+00
2.363e+02	3.725e+00
2.359e+02	3.676e+00
2.361e+02	3.627e+00
2.360e+02	3.578e+00
2.358e+02	3.530e+00
2.354e+02	3.481e+00
2.353e+02	3.432e+00
2.355e+02	3.383e+00
2.352e+02	3.334e+00
2.348e+02	3.285e+00
2.349e+02	3.236e+00
2.346e+02	3.188e+00
2.344e+02	3.139e+00
2.342e+02	3.090e+00
2.338e+02	3.041e+00
2.337e+02	2.993e+00
2.337e+02	2.944e+00
2.332e+02	2.894e+00
2.333e+02	2.846e+00
2.326e+02	2.796e+00
2.326e+02	2.746e+00
2.323e+02	2.696e+00
2.322e+02	2.646e+00
2.319e+02	2.596e+00
2.317e+02	2.548e+00
2.317e+02	2.499e+00
2.313e+02	2.451e+00
2.313e+02	2.402e+00
2.311e+02	2.354e+00
2.308e+02	2.304e+00
2.305e+02	2.255e+00
2.299e+02	2.206e+00
2.297e+02	2.157e+00
2.299e+02	2.108e+00
2.296e+02	2.060e+00
2.293e+02	2.011e+00
2.293e+02	1.962e+00
2.292e+02	1.914e+00
2.291e+02	1.866e+00
2.285e+02	1.816e+00
2.282e+02	1.768e+00
2.276e+02	1.718e+00
2.271e+02	1.669e+00
2.272e+02	1.620e+00
2.275e+02	1.571e+00
2.269e+02	1.521e+00
2.266e+02	1.472e+00
2.258e+02	1.424e+00
2.261e+02	1.374e+00
2.256e+02	1.324e+00
2.256e+02	1.275e+00
2.253e+02	1.226e+00
2.251e+02	1.178e+00
2.248e+02	1.130e+00
2.246e+02	1.080e+00
2.245e+02	1.031e+00
2.241e+02	9.822e-01
2.236e+02	9.336e-01
2.235e+02	8.837e-01
2.231e+02	8.350e-01
2.225e+02	7.863e-01
2.221e+02	7.376e-01
2.216e+02	6.887e-01
2.214e+02	6.398e-01
2.210e+02	5.905e-01
2.203e+02	5.420e-01
2.196e+02	4.992e-01
2.172e+02	4.992e-01
2.170e+02	4.514e-01
2.164e+02	4.025e-01
2.164e+02	3.539e-01
2.160e+02	3.055e-01
2.157e+02	2.575e-01
2.154e+02	2.083e-01
2.146e+02	1.600e-01
2.143e+02	1.105e-01
2.136e+02	6.140e-02
2.122e+02	1.240e-02
2.114e+02	0.000e+00
