# Depth(nm)	Force(mN)
2.793e+00	6.367e-03
4.574e+00	3.127e-02
9.214e+00	5.775e-02
1.254e+01	8.420e-02
1.536e+01	1.092e-01
1.809e+01	1.351e-01
2.111e+01	1.601e-01
2.378e+01	1.855e-01
2.748e+01	2.101e-01
3.055e+01	2.351e-01
3.356e+01	2.602e-01
3.710e+01	2.851e-01
3.975e+01	3.102e-01
4.337e+01	3.351e-01
4.565e+01	3.606e-01
4.896e+01	3.854e-01
5.251e+01	4.102e-01
5.515e+01	4.362e-01
5.639e+01	4.612e-01
5.792e+01	4.874e-01
5.976e+01	5.128e-01
6.229e+01	5.388e-01
6.481e+01	5.643e-01
6.690e+01	5.894e-01
6.824e+01	6.144e-01
6.985e+01	6.392e-01
7.209e+01	6.640e-01
7.642e+01	6.890e-01
7.953e+01	7.137e-01
8.187e+01	7.393e-01
8.412e+01	7.642e-01
8.491e+01	7.889e-01
8.523e+01	8.141e-01
8.641e+01	8.393e-01
8.832e+01	8.647e-01
9.076e+01	8.895e-01
9.257e+01	9.149e-01
9.518e+01	9.400e-01
9.795e+01	9.653e-01
9.902e+01	9.907e-01
1.003e+02	1.016e+00
1.018e+02	1.042e+00
1.032e+02	1.068e+00
1.044e+02	1.093e+00
1.054e+02	1.118e+00
1.056e+02	1.143e+00
1.059e+02	1.168e+00
1.078e+02	1.193e+00
1.093e+02	1.218e+00
1.116e+02	1.243e+00
1.125e+02	1.268e+00
1.140e+02	1.293e+00
1.158e+02	1.318e+00
1.173e+02	1.343e+00
1.198e+02	1.367e+00
1.210e+02	1.393e+00
1.225e+02	1.418e+00
1.241e+02	1.443e+00
1.249e+02	1.468e+00
1.253e+02	1.493e+00
1.275e+02	1.518e+00
1.296e+02	1.543e+00
1.312e+02	1.568e+00
1.340e+02	1.593e+00
1.353e+02	1.618e+00
1.358e+02	1.643e+00
1.361e+02	1.668e+00
1.372e+02	1.693e+00
1.391e+02	1.718e+00
1.405e+02	1.743e+00
1.412e+02	1.768e+00
1.423e+02	1.793e+00
1.442e+02	1.818e+00
1.470e+02	1.844e+00
1.490e+02	1.869e+00
1.513e+02	1.894e+00
1.538e+02	1.920e+00
1.542e+02	1.945e+00
1.546e+02	1.970e+00
1.549e+02	1.995e+00
1.556e+02	2.020e+00
1.573e+02	2.045e+00
1.578e+02	2.071e+00
1.599e+02	2.095e+00
1.613e+02	2.120e+00
1.629e+02	2.145e+00
1.665e+02	2.171e+00
1.674e+02	2.196e+00
1.679e+02	2.221e+00
1.683e+02	2.245e+00
1.685e+02	2.270e+00
1.706e+02	2.295e+00
1.718e+02	2.320e+00
1.736e+02	2.345e+00
1.745e+02	2.370e+00
1.747e+02	2.395e+00
1.752e+02	2.420e+00
1.756e+02	2.446e+00
1.774e+02	2.471e+00
1.799e+02	2.496e+00
1.816e+02	2.520e+00
1.825e+02	2.545e+00
1.828e+02	2.570e+00
1.837e+02	2.595e+00
1.842e+02	2.620e+00
1.847e+02	2.645e+00
1.853e+02	2.670e+00
1.864e+02	2.696e+00
1.879e+02	2.720e+00
1.897e+02	2.746e+00
1.912e+02	2.771e+00
1.921e+02	2.796e+00
1.928e+02	2.821e+00
1.934e+02	2.845e+00
1.936e+02	2.870e+00
1.940e+02	2.895e+00
1.945e+02	2.920e+00
1.949e+02	2.945e+00
1.956e+02	2.970e+00
1.963e+02	2.995e+00
1.968e+02	3.020e+00
1.987e+02	3.045e+00
2.007e+02	3.071e+00
2.022e+02	3.096e+00
2.035e+02	3.121e+00
2.050e+02	3.146e+00
2.054e+02	3.171e+00
2.053e+02	3.196e+00
2.056e+02	3.221e+00
2.059e+02	3.246e+00
2.067e+02	3.270e+00
2.074e+02	3.296e+00
2.079e+02	3.321e+00
2.088e+02	3.346e+00
2.087e+02	3.371e+00
2.094e+02	3.396e+00
2.098e+02	3.422e+00
2.102e+02	3.447e+00
2.111e+02	3.472e+00
2.118e+02	3.497e+00
2.119e+02	3.522e+00
2.124e+02	3.548e+00
2.128e+02	3.573e+00
2.136e+02	3.599e+00
2.143e+02	3.624e+00
2.152e+02	3.650e+00
2.166e+02	3.675e+00
2.174e+02	3.700e+00
2.175e+02	3.725e+00
2.176e+02	3.751e+00
2.180e+02	3.776e+00
2.181e+02	3.801e+00
2.189e+02	3.826e+00
2.191e+02	3.851e+00
2.194e+02	3.876e+00
2.198e+02	3.901e+00
2.204e+02	3.926e+00
2.209e+02	3.952e+00
2.213e+02	3.977e+00
2.221e+02	4.003e+00
2.232e+02	4.028e+00
2.238e+02	4.053e+00
2.240e+02	4.079e+00
2.247e+02	4.104e+00
2.253e+02	4.130e+00
2.259e+02	4.156e+00
2.268e+02	4.182e+00
2.277e+02	4.207e+00
2.285e+02	4.232e+00
2.290e+02	4.257e+00
2.293e+02	4.282e+00
2.295e+02	4.307e+00
2.299e+02	4.332e+00
2.307e+02	4.357e+00
2.310e+02	4.383e+00
2.320e+02	4.408e+00
2.321e+02	4.433e+00
2.329e+02	4.459e+00
2.338e+02	4.484e+00
2.341e+02	4.509e+00
2.354e+02	4.534e+00
2.362e+02	4.559e+00
2.372e+02	4.585e+00
2.381e+02	4.611e+00
2.387e+02	4.636e+00
2.392e+02	4.662e+00
2.398e+02	4.687e+00
2.401e+02	4.712e+00
2.408e+02	4.737e+00
2.419e+02	4.763e+00
2.424e+02	4.788e+00
2.436e+02	4.813e+00
2.451e+02	4.838e+00
2.457e+02	4.864e+00
2.460e+02	4.890e+00
2.468e+02	4.915e+00
2.479e+02	4.940e+00
2.494e+02	4.965e+00
2.496e+02	4.991e+00
2.499e+02	5.000e+00
2.554e+02	5.000e+00
2.552e+02	4.951e+00
2.555e+02	4.901e+00
2.552e+02	4.852e+00
2.552e+02	4.802e+00
2.548e+02	4.754e+00
2.555e+02	4.704e+00
2.551e+02	4.656e+00
2.547e+02	4.607e+00
2.545e+02	4.558e+00
2.543e+02	4.509e+00
2.542e+02	4.460e+00
2.538e+02	4.410e+00
2.536e+02	4.361e+00
2.537e+02	4.312e+00
2.539e+02	4.263e+00
2.534e+02	4.214e+00
2.531e+02	4.166e+00
2.532e+02	4.117e+00
2.528e+02	4.068e+00
2.524e+02	4.018e+00
2.521e+02	3.969e+00
2.519e+02	3.920e+00
2.521e+02	3.872e+00
2.523e+02	3.822e+00
2.516e+02	3.774e+00
2.515e+02	3.725e+00
2.517e+02	3.676e+00
2.511e+02	3.627e+00
2.512e+02	3.578e+00
2.512e+02	3.529e+00
2.507e+02	3.480e+00
2.508e+02	3.432e+00
2.499e+02	3.382e+00
2.501e+02	3.333e+00
2.504e+02	3.285e+00
2.500e+02	3.235e+00
2.498e+02	3.186e+00
2.497e+02	3.137e+00
2.497e+02	3.088e+00
2.491e+02	3.040e+00
2.492e+02	2.990e+00
2.488e+02	2.941e+00
2.487e+02	2.892e+00
2.480e+02	2.842e+00
2.484e+02	2.794e+00
2.478e+02	2.745e+00
2.483e+02	2.697e+00
2.477e+02	2.647e+00
2.475e+02	2.598e+00
2.473e+02	2.548e+00
2.471e+02	2.499e+00
2.468e+02	2.449e+00
2.467e+02	2.400e+00
2.465e+02	2.352e+00
2.461e+02	2.303e+00
2.457e+02	2.254e+00
2.454e+02	2.205e+00
2.454e+02	2.156e+00
2.450e+02	2.107e+00
2.451e+02	2.057e+00
2.448e+02	2.009e+00
2.446e+02	1.960e+00
2.443e+02	1.911e+00
2.440e+02	1.862e+00
2.440e+02	1.814e+00
2.440e+02	1.765e+00
2.435e+02	1.717e+00
2.437e+02	1.668e+00
2.432e+02	1.619e+00
2.424e+02	1.570e+00
2.422e+02	1.520e+00
2.422e+02	1.471e+00
2.418e+02	1.422e+00
2.421e+02	1.374e+00
2.410e+02	1.324e+00
2.412e+02	1.275e+00
2.409e+02	1.226e+00
2.409e+02	1.177e+00
2.403e+02	1.128e+00
2.399e+02	1.079e+00
2.399e+02	1.031e+00
2.392e+02	9.823e-01
2.391e+02	9.337e-01
2.392e+02	8.855e-01
2.390e+02	8.369e-01
2.384e+02	7.875e-01
2.380e+02	7.387e-01
2.383e+02	6.893e-01
2.377e+02	6.407e-01
2.374e+02	5.924e-01
2.370e+02	5.438e-01
2.366e+02	4.994e-01
2.310e+02	4.994e-01
2.313e+02	4.506e-01
2.307e+02	4.018e-01
2.310e+02	3.539e-01
2.298e+02	3.040e-01
2.299e+02	2.542e-01
2.290e+02	2.053e-01
2.288e+02	1.555e-01
2.287e+02	1.056e-01
2.280e+02	5.769e-02
2.279e+02	8.488e-03
2.274e+02	0.000e+00
