# Depth(nm)	Force(mN)
2.910e+00	9.082e-03
4.641e+00	3.460e-02
9.111e+00	6.124e-02
1.433e+01	8.719e-02
1.706e+01	1.098e-01
2.001e+01	1.378e-01
2.390e+01	1.625e-01
2.698e+01	1.873e-01
2.923e+01	2.123e-01
3.198e+01	2.373e-01
3.554e+01	2.625e-01
3.754e+01	2.876e-01
4.093e+01	3.128e-01
4.392e+01	3.380e-01
4.665e+01	3.627e-01
5.019e+01	3.874e-01
5.303e+01	4.127e-01
5.558e+01	4.387e-01
5.818e+01	4.640e-01
6.235e+01	4.897e-01
6.737e+01	5.147e-01
6.966e+01	5.404e-01
7.258e+01	5.656e-01
7.537e+01	5.904e-01
7.782e+01	6.152e-01
7.947e+01	6.399e-01
8.051e+01	6.648e-01
8.119e+01	6.898e-01
8.173e+01	7.148e-01
8.220e+01	7.404e-01
8.361e+01	7.652e-01
8.594e+01	7.900e-01
8.766e+01	8.147e-01
8.976e+01	8.393e-01
9.091e+01	8.641e-01
9.244e+01	8.891e-01
9.310e+01	9.140e-01
9.408e+01	9.390e-01
9.562e+01	9.638e-01
9.688e+01	9.888e-01
9.868e+01	1.014e+00
1.005e+02	1.040e+00
1.018e+02	1.065e+00
1.022e+02	1.090e+00
1.037e+02	1.115e+00
1.064e+02	1.140e+00
1.077e+02	1.165e+00
1.088e+02	1.190e+00
1.111e+02	1.215e+00
1.119e+02	1.240e+00
1.126e+02	1.265e+00
1.138e+02	1.290e+00
1.152e+02	1.315e+00
1.183e+02	1.340e+00
1.194e+02	1.365e+00
1.214e+02	1.390e+00
1.225e+02	1.415e+00
1.242e+02	1.440e+00
1.245e+02	1.465e+00
1.255e+02	1.490e+00
1.269e+02	1.515e+00
1.281e+02	1.540e+00
1.289e+02	1.565e+00
1.294e+02	1.589e+00
1.301e+02	1.614e+00
1.311e+02	1.640e+00
1.330e+02	1.665e+00
1.343e+02	1.690e+00
1.368e+02	1.715e+00
1.381e+02	1.740e+00
1.394e+02	1.765e+00
1.409e+02	1.790e+00
1.413e+02	1.815e+00
1.422e+02	1.841e+00
1.427e+02	1.866e+00
1.434e+02	1.891e+00
1.456e+02	1.916e+00
1.484e+02	1.941e+00
1.503e+02	1.967e+00
1.513e+02	1.992e+00
1.518e+02	2.017e+00
1.516e+02	2.043e+00
1.521e+02	2.067e+00
1.523e+02	2.092e+00
1.535e+02	2.117e+00
1.552e+02	2.142e+00
1.566e+02	2.167e+00
1.569e+02	2.193e+00
1.575e+02	2.218e+00
1.578e+02	2.242e+00
1.590e+02	2.267e+00
1.605e+02	2.293e+00
1.622e+02	2.318e+00
1.647e+02	2.343e+00
1.661e+02	2.368e+00
1.661e+02	2.393e+00
1.668e+02	2.418e+00
1.676e+02	2.443e+00
1.687e+02	2.468e+00
1.695e+02	2.492e+00
1.701e+02	2.518e+00
1.713e+02	2.543e+00
1.726e+02	2.568e+00
1.735e+02	2.593e+00
1.737e+02	2.618e+00
1.744e+02	2.644e+00
1.760e+02	2.669e+00
1.776e+02	2.694e+00
1.784e+02	2.719e+00
1.791e+02	2.744e+00
1.802e+02	2.769e+00
1.809e+02	2.794e+00
1.817e+02	2.819e+00
1.823e+02	2.844e+00
1.829e+02	2.869e+00
1.834e+02	2.894e+00
1.843e+02	2.919e+00
1.852e+02	2.945e+00
1.863e+02	2.970e+00
1.872e+02	2.995e+00
1.887e+02	3.020e+00
1.898e+02	3.045e+00
1.910e+02	3.070e+00
1.923e+02	3.095e+00
1.929e+02	3.121e+00
1.930e+02	3.146e+00
1.937e+02	3.171e+00
1.943e+02	3.196e+00
1.948e+02	3.221e+00
1.954e+02	3.246e+00
1.960e+02	3.271e+00
1.961e+02	3.297e+00
1.967e+02	3.322e+00
1.976e+02	3.347e+00
1.983e+02	3.372e+00
1.987e+02	3.397e+00
1.991e+02	3.422e+00
1.998e+02	3.447e+00
2.007e+02	3.472e+00
2.012e+02	3.497e+00
2.024e+02	3.522e+00
2.032e+02	3.547e+00
2.038e+02	3.572e+00
2.041e+02	3.597e+00
2.048e+02	3.622e+00
2.057e+02	3.648e+00
2.062e+02	3.672e+00
2.072e+02	3.697e+00
2.077e+02	3.723e+00
2.081e+02	3.748e+00
2.087e+02	3.773e+00
2.093e+02	3.799e+00
2.100e+02	3.824e+00
2.107e+02	3.849e+00
2.114e+02	3.875e+00
2.118e+02	3.901e+00
2.128e+02	3.926e+00
2.130e+02	3.951e+00
2.133e+02	3.976e+00
2.144e+02	4.001e+00
2.151e+02	4.026e+00
2.154e+02	4.052e+00
2.159e+02	4.076e+00
2.164e+02	4.102e+00
2.172e+02	4.128e+00
2.175e+02	4.153e+00
2.180e+02	4.178e+00
2.190e+02	4.204e+00
2.197e+02	4.230e+00
2.205e+02	4.255e+00
2.209e+02	4.281e+00
2.215e+02	4.306e+00
2.219e+02	4.331e+00
2.224e+02	4.356e+00
2.230e+02	4.381e+00
2.237e+02	4.406e+00
2.243e+02	4.432e+00
2.243e+02	4.457e+00
2.247e+02	4.482e+00
2.254e+02	4.507e+00
2.258e+02	4.533e+00
2.265e+02	4.559e+00
2.272e+02	4.585e+00
2.278e+02	4.610e+00
2.280e+02	4.636e+00
2.287e+02	4.661e+00
2.295e+02	4.686e+00
2.300e+02	4.712e+00
2.307e+02	4.737e+00
2.308e+02	4.762e+00
2.315e+02	4.787e+00
2.319e+02	4.812e+00
2.320e+02	4.837e+00
2.326e+02	4.862e+00
2.328e+02	4.888e+00
2.331e+02	4.913e+00
2.335e+02	4.939e+00
2.341e+02	4.964e+00
2.340e+02	4.989e+00
2.342e+02	5.000e+00
2.371e+02	5.000e+00
2.372e+02	4.951e+00
2.369e+02	4.901e+00
2.368e+02	4.851e+00
2.367e+02	4.802e+00
2.367e+02	4.753e+00
2.365e+02	4.704e+00
2.364e+02	4.654e+00
2.361e+02	4.606e+00
2.361e+02	4.557e+00
2.359e+02	4.509e+00
2.360e+02	4.460e+00
2.354e+02	4.412e+00
2.354e+02	4.363e+00
2.354e+02	4.314e+00
2.352e+02	4.265e+00
2.349e+02	4.216e+00
2.349e+02	4.167e+00
2.346e+02	4.118e+00
2.344e+02	4.070e+00
2.342e+02	4.020e+00
2.338e+02	3.971e+00
2.338e+02	3.922e+00
2.334e+02	3.872e+00
2.335e+02	3.822e+00
2.331e+02	3.773e+00
2.334e+02	3.724e+00
2.330e+02	3.676e+00
2.328e+02	3.627e+00
2.327e+02	3.578e+00
2.325e+02	3.530e+00
2.326e+02	3.481e+00
2.324e+02	3.432e+00
2.322e+02	3.382e+00
2.319e+02	3.333e+00
2.320e+02	3.284e+00
2.319e+02	3.235e+00
2.319e+02	3.186e+00
2.316e+02	3.138e+00
2.309e+02	3.089e+00
2.310e+02	3.040e+00
2.312e+02	2.991e+00
2.307e+02	2.942e+00
2.304e+02	2.893e+00
2.300e+02	2.844e+00
2.301e+02	2.795e+00
2.299e+02	2.746e+00
2.295e+02	2.696e+00
2.295e+02	2.646e+00
2.294e+02	2.597e+00
2.295e+02	2.548e+00
2.290e+02	2.499e+00
2.284e+02	2.450e+00
2.283e+02	2.401e+00
2.283e+02	2.352e+00
2.283e+02	2.304e+00
2.279e+02	2.254e+00
2.276e+02	2.205e+00
2.275e+02	2.154e+00
2.272e+02	2.105e+00
2.271e+02	2.056e+00
2.272e+02	2.007e+00
2.267e+02	1.958e+00
2.265e+02	1.909e+00
2.265e+02	1.860e+00
2.265e+02	1.812e+00
2.259e+02	1.763e+00
2.256e+02	1.714e+00
2.253e+02	1.664e+00
2.251e+02	1.615e+00
2.249e+02	1.566e+00
2.248e+02	1.517e+00
2.246e+02	1.468e+00
2.242e+02	1.420e+00
2.240e+02	1.371e+00
2.238e+02	1.322e+00
2.234e+02	1.272e+00
2.231e+02	1.223e+00
2.231e+02	1.174e+00
2.232e+02	1.126e+00
2.229e+02	1.078e+00
2.222e+02	1.029e+00
2.223e+02	9.806e-01
2.218e+02	9.317e-01
2.215e+02	8.816e-01
2.212e+02	8.328e-01
2.210e+02	7.840e-01
2.204e+02	7.356e-01
2.201e+02	6.863e-01
2.199e+02	6.370e-01
2.196e+02	5.882e-01
2.194e+02	5.393e-01
2.189e+02	4.991e-01
2.189e+02	4.991e-01
2.191e+02	4.502e-01
2.186e+02	4.017e-01
2.184e+02	3.533e-01
2.183e+02	3.026e-01
2.182e+02	2.541e-01
2.178e+02	2.056e-01
2.174e+02	1.572e-01
2.170e+02	1.079e-01
2.160e+02	5.942e-02
2.147e+02	1.068e-02
2.141e+02	0.000e+00
