# Depth(nm)	Force(mN)
3.630e+00	9.083e-03
8.694e+00	5.847e-02
1.686e+01	1.082e-01
2.257e+01	1.594e-01
2.805e+01	2.097e-01
3.378e+01	2.641e-01
3.878e+01	3.137e-01
4.416e+01	3.628e-01
4.829e+01	4.129e-01
5.300e+01	4.646e-01
5.876e+01	5.142e-01
6.286e+01	5.663e-01
6.680e+01	6.165e-01
7.002e+01	6.666e-01
7.369e+01	7.161e-01
7.731e+01	7.660e-01
8.136e+01	8.163e-01
8.432e+01	8.663e-01
8.822e+01	9.161e-01
9.056e+01	9.671e-01
9.431e+01	1.017e+00
9.800e+01	1.068e+00
1.014e+02	1.119e+00
1.062e+02	1.169e+00
1.085e+02	1.219e+00
1.109e+02	1.269e+00
1.130e+02	1.321e+00
1.159e+02	1.371e+00
1.194e+02	1.421e+00
1.220e+02	1.471e+00
1.248e+02	1.522e+00
1.273e+02	1.571e+00
1.298e+02	1.621e+00
1.331e+02	1.671e+00
1.358e+02	1.722e+00
1.374e+02	1.771e+00
1.399e+02	1.821e+00
1.434e+02	1.871e+00
1.461e+02	1.921e+00
1.484e+02	1.971e+00
1.510e+02	2.020e+00
1.533e+02	2.070e+00
1.567e+02	2.121e+00
1.601e+02	2.171e+00
1.639e+02	2.222e+00
1.662e+02	2.272e+00
1.677e+02	2.321e+00
1.684e+02	2.371e+00
1.697e+02	2.422e+00
1.731e+02	2.472e+00
1.761e+02	2.522e+00
1.787e+02	2.571e+00
1.811e+02	2.621e+00
1.827e+02	2.672e+00
1.834e+02	2.723e+00
1.841e+02	2.772e+00
1.859e+02	2.822e+00
1.886e+02	2.872e+00
1.911e+02	2.921e+00
1.939e+02	2.971e+00
1.955e+02	3.021e+00
1.970e+02	3.072e+00
1.992e+02	3.122e+00
2.016e+02	3.171e+00
2.033e+02	3.221e+00
2.055e+02	3.271e+00
2.074e+02	3.321e+00
2.090e+02	3.371e+00
2.124e+02	3.421e+00
2.149e+02	3.471e+00
2.167e+02	3.522e+00
2.186e+02	3.571e+00
2.203e+02	3.621e+00
2.211e+02	3.671e+00
2.226e+02	3.721e+00
2.244e+02	3.771e+00
2.260e+02	3.821e+00
2.272e+02	3.871e+00
2.288e+02	3.921e+00
2.304e+02	3.971e+00
2.318e+02	4.021e+00
2.347e+02	4.071e+00
2.360e+02	4.121e+00
2.379e+02	4.173e+00
2.399e+02	4.222e+00
2.419e+02	4.272e+00
2.433e+02	4.322e+00
2.457e+02	4.372e+00
2.471e+02	4.422e+00
2.481e+02	4.472e+00
2.502e+02	4.522e+00
2.519e+02	4.572e+00
2.535e+02	4.622e+00
2.547e+02	4.672e+00
2.563e+02	4.722e+00
2.581e+02	4.772e+00
2.595e+02	4.822e+00
2.605e+02	4.873e+00
2.622e+02	4.923e+00
2.635e+02	4.973e+00
2.648e+02	5.022e+00
2.669e+02	5.072e+00
2.683e+02	5.122e+00
2.697e+02	5.174e+00
2.712e+02	5.224e+00
2.725e+02	5.273e+00
2.741e+02	5.323e+00
2.763e+02	5.374e+00
2.773e+02	5.426e+00
2.795e+02	5.476e+00
2.811e+02	5.527e+00
2.827e+02	5.578e+00
2.838e+02	5.628e+00
2.846e+02	5.678e+00
2.866e+02	5.728e+00
2.878e+02	5.778e+00
2.894e+02	5.828e+00
2.912e+02	5.879e+00
2.922e+02	5.930e+00
2.943e+02	5.980e+00
2.959e+02	6.029e+00
2.976e+02	6.079e+00
2.989e+02	6.129e+00
3.004e+02	6.180e+00
3.016e+02	6.229e+00
3.029e+02	6.280e+00
3.050e+02	6.331e+00
3.071e+02	6.381e+00
3.074e+02	6.431e+00
3.083e+02	6.481e+00
3.099e+02	6.531e+00
3.111e+02	6.582e+00
3.124e+02	6.633e+00
3.149e+02	6.683e+00
3.163e+02	6.733e+00
3.178e+02	6.783e+00
3.191e+02	6.833e+00
3.202e+02	6.883e+00
3.217e+02	6.935e+00
3.232e+02	6.986e+00
3.245e+02	7.036e+00
3.257e+02	7.086e+00
3.271e+02	7.136e+00
3.286e+02	7.187e+00
3.299e+02	7.237e+00
3.311e+02	7.288e+00
3.325e+02	7.338e+00
3.336e+02	7.389e+00
3.350e+02	7.439e+00
3.365e+02	7.490e+00
3.378e+02	7.539e+00
3.395e+02	7.589e+00
3.404e+02	7.640e+00
3.420e+02	7.690e+00
3.435e+02	7.741e+00
3.447e+02	7.791e+00
3.460e+02	7.841e+00
3.474e+02	7.891e+00
3.488e+02	7.941e+00
3.498e+02	7.992e+00
3.509e+02	8.043e+00
3.528e+02	8.093e+00
3.534e+02	8.143e+00
3.548e+02	8.193e+00
3.561e+02	8.244e+00
3.574e+02	8.294e+00
3.581e+02	8.345e+00
3.599e+02	8.396e+00
3.611e+02	8.447e+00
3.623e+02	8.498e+00
3.636e+02	8.548e+00
3.649e+02	8.599e+00
3.657e+02	8.651e+00
3.669e+02	8.701e+00
3.674e+02	8.751e+00
3.688e+02	8.801e+00
3.704e+02	8.851e+00
3.708e+02	8.902e+00
3.720e+02	8.954e+00
3.734e+02	9.003e+00
3.746e+02	9.053e+00
3.755e+02	9.104e+00
3.768e+02	9.153e+00
3.779e+02	9.203e+00
3.795e+02	9.253e+00
3.804e+02	9.304e+00
3.809e+02	9.354e+00
3.817e+02	9.405e+00
3.826e+02	9.455e+00
3.842e+02	9.506e+00
3.851e+02	9.557e+00
3.859e+02	9.607e+00
3.872e+02	9.659e+00
3.877e+02	9.709e+00
3.887e+02	9.761e+00
3.892e+02	9.811e+00
3.901e+02	9.862e+00
3.910e+02	9.911e+00
3.917e+02	9.961e+00
3.927e+02	1.000e+01
3.979e+02	1.000e+01
3.979e+02	9.900e+00
3.974e+02	9.801e+00
3.973e+02	9.704e+00
3.973e+02	9.607e+00
3.970e+02	9.510e+00
3.966e+02	9.413e+00
3.963e+02	9.314e+00
3.961e+02	9.217e+00
3.961e+02	9.119e+00
3.958e+02	9.021e+00
3.957e+02	8.924e+00
3.952e+02	8.826e+00
3.949e+02	8.729e+00
3.951e+02	8.631e+00
3.951e+02	8.532e+00
3.946e+02	8.435e+00
3.943e+02	8.338e+00
3.940e+02	8.241e+00
3.939e+02	8.143e+00
3.936e+02	8.045e+00
3.931e+02	7.947e+00
3.930e+02	7.850e+00
3.931e+02	7.753e+00
3.930e+02	7.655e+00
3.926e+02	7.558e+00
3.922e+02	7.461e+00
3.916e+02	7.364e+00
3.914e+02	7.267e+00
3.916e+02	7.170e+00
3.911e+02	7.073e+00
3.909e+02	6.975e+00
3.909e+02	6.876e+00
3.904e+02	6.779e+00
3.901e+02	6.679e+00
3.898e+02	6.581e+00
3.898e+02	6.483e+00
3.893e+02	6.386e+00
3.892e+02	6.287e+00
3.893e+02	6.189e+00
3.884e+02	6.091e+00
3.885e+02	5.994e+00
3.882e+02	5.894e+00
3.878e+02	5.797e+00
3.879e+02	5.699e+00
3.871e+02	5.603e+00
3.867e+02	5.506e+00
3.869e+02	5.408e+00
3.865e+02	5.310e+00
3.865e+02	5.213e+00
3.859e+02	5.114e+00
3.857e+02	5.018e+00
3.854e+02	4.919e+00
3.854e+02	4.822e+00
3.850e+02	4.724e+00
3.847e+02	4.626e+00
3.840e+02	4.529e+00
3.832e+02	4.433e+00
3.839e+02	4.335e+00
3.834e+02	4.238e+00
3.828e+02	4.139e+00
3.828e+02	4.042e+00
3.829e+02	3.944e+00
3.825e+02	3.845e+00
3.820e+02	3.747e+00
3.819e+02	3.648e+00
3.814e+02	3.551e+00
3.807e+02	3.454e+00
3.808e+02	3.357e+00
3.804e+02	3.259e+00
3.800e+02	3.161e+00
3.798e+02	3.063e+00
3.791e+02	2.966e+00
3.784e+02	2.870e+00
3.787e+02	2.772e+00
3.783e+02	2.674e+00
3.778e+02	2.576e+00
3.778e+02	2.479e+00
3.771e+02	2.382e+00
3.765e+02	2.286e+00
3.766e+02	2.189e+00
3.761e+02	2.090e+00
3.756e+02	1.994e+00
3.750e+02	1.894e+00
3.746e+02	1.795e+00
3.746e+02	1.698e+00
3.744e+02	1.599e+00
3.737e+02	1.500e+00
3.730e+02	1.403e+00
3.727e+02	1.306e+00
3.722e+02	1.207e+00
3.715e+02	1.109e+00
3.711e+02	1.011e+00
3.708e+02	9.991e-01
3.710e+02	9.991e-01
3.707e+02	9.013e-01
3.703e+02	8.045e-01
3.698e+02	7.073e-01
3.696e+02	6.092e-01
3.685e+02	5.134e-01
3.679e+02	4.152e-01
3.667e+02	3.179e-01
3.659e+02	2.206e-01
3.641e+02	1.223e-01
3.598e+02	2.511e-02
3.538e+02	0.000e+00
